10
10
10
10
139
25
141
205
191
35
722
953
825
571
348
946
852
224
186
429
409
925
946
242
696
739
532
544
730
789
238
70
927
572
650
27
283
279
585
681
299
219
639
303
133
698
485
981
35
716
54
686
337
277
143
459
94
754
738
280
157
241
90
756
735
469
865
882
623
810
601
764
27
716
502
560
196
496
430
882
979
988
806
243
328
782
465
543
709
592
109
16
320
641
685
709
325
29
135
885
186
168
777
303
823
588
140
625
883
438
669
171
5
814
109
362
290
515
878
899
397
606
244
939
938
78
523
405
120
764
980
467
973
570
123
444
112
857
970
490
136
229
949
648
537
810
931
143
850
186
318
391
541
203
392
573
606
272
594
868
628
583
157
367
279
991
837
968
558
585
307
223
242
309
433
888
252
774
554
599
523
706
475
379
641
134
379
131
249
752
72
907
311
943
614
279
314
849
496
83
989
203
948
13
