1000
847
293
156
729
481
672
395
518
764
132
689
457
823
291
635
748
413
579
862
194
536
718
349
691
475
827
162
583
749
216
694
358
721
485
639
793
127
564
718
392
856
241
675
439
782
516
693
275
848
163
597
734
421
689
357
725
492
836
174
658
413
789
526
642
398
751
285
619
447
803
169
574
738
326
685
459
792
137
563
729
394
867
218
651
475
798
142
576
734
361
695
428
782
159
637
491
856
273
618
445
791
624
387
759
142
596
833
271
648
405
772
184
557
719
346
683
450
817
175
542
708
365
692
429
786
153
580
746
313
670
437
804
161
528
695
352
719
486
843
120
587
754
321
658
425
792
198
565
732
389
696
463
830
167
534
701
368
685
442
809
176
543
710
377
684
451
818
145
572
739
306
673
440
807
164
531
698
355
722
489
856
123
590
757
324
661
428
795
162
529
696
363
730
497
864
131
598
765
332
669
436
803
170
537
704
371
688
445
812
179
546
713
380
687
454
821
148
575
742
309
676
443
810
167
534
701
368
685
442
809
176
543
710
377
684
451
818
145
572
739
306
673
440
807
164
531
698
355
722
489
856
123
590
757
324
661
428
795
162
529
696
363
730
497
864
131
598
765
332
669
436
803
170
537
704
371
688
445
812
179
546
713
380
687
454
821
148
575
742
309
676
443
810
167
534
701
368
685
442
809
176
543
710
377
684
451
818
145
572
739
306
673
440
807
164
531
698
355
722
489
856
123
590
757
324
661
428
795
162
529
696
363
730
497
864
131
598
765
332
669
436
803
170
537
704
371
688
445
812
179
546
713
380
687
454
821
148
575
742
309
676
443
810
167
534
701
368
685
442
809
176
543
710
377
684
451
818
145
572
739
306
673
440
807
164
531
698
355
722
489
856
123
590
757
324
661
428
795
162
529
696
363
730
497
864
131
598
765
332
669
436
803
170
537
704
371
688
445
812
179
546
713
380
687
454
821
148
575
742
309
676
443
810
167
534
701
368
685
442
809
176
543
710
377
684
451
818
145
572
739
306
673
440
807
164
531
698
355
722
489
856
123
590
757
324
661
428
795
162
529
696
363
730
497
864
131
598
765
332
669
436
803
170
537
704
371
688
445
812
179
546
713
380
687
454
821
148
575
742
309
676
443
810
167
534
701
368
685
442
809
176
543
710
377
684
451
818
145
572
739
306
673
440
807
164
531
698
355
722
489
856
123
590
757
324
661
428
795
162
529
696
363
730
497
864
131
598
765
332
669
436
803
170
537
704
371
688
445
812
179
546
713
380
687
454
821
148
575
742
309
676
443
810
167
534
701
368
685
442
809
176
543
710
377
684
451
818
145
572
739
306
673
440
807
164
531
698
355
722
489
856
123
590
757
324
661
428
795
162
529
696
363
730
497
864
131
598
765
332
669
436
803
170
537
704
371
688
445
812
179
546
713
380
687
454
821
148
575
742
309
676
443
810
167
534
701
368
685
442
809
176
543
710
377
684
451
818
145
572
739
306
673
440
807
164
531
698
355
722
489
856
123
590
757
324
661
428
795
162
529
696
363
730
497
864
131
598
765
332
669
436
803
170
537
704
371
688
445
812
179
546
713
380
687
454
821
148
575
742
309
676
443
810
167
534
701
368
685
442
809
176
543
710
377
684
451
818
145
572
739
306
673
440
807
164
531
698
355
722
489
856
123
590
757
324
661
428
795
162
529
696
363
730
497
864
131
598
765
332
669
436
803
170
537
704
371
688
445
812
179
546
713
380
687
454
821
148
575
742
309
676
443
810
167
534
701
368
685
442
809
176
543
710
377
684
451
818
145
572
739
306
673
440
807
164
531
698
355
722
489
856
123
590
757
324
661
428
795
162
529
696
363
730
497
864
131
598
765
332
669
436
803
170
537
704
371
688
445
812
179
546
713
380
687
454
821
148
575
742
309
676
443
810
167
534
701
368
685
442
809
176
543
710
377
684
451
818
145
572
739
306
673
440
807
164
531
698
355
722
489
856
123
590
757
324
661
428
795
162
529
696
363
730
497
864
131
598
765
332
669
436
803
170
537
704
371
688
445
812
179
546
713
380
687
454
821
148
575
742
309
676
443
810
167
534
701
368
685
442
809
176
543
710
377
684
451
818
145
572
739
306
673
440
807
164
531
698
355
722
489
856
123
590
757
324
661
428
795
162
529
696
363
730
497
864
131
598
765
332
669
436
803
170
537
704
371
688
445
812
179
546
713
380
687
454
821
148
575
742
309
676
443
810
167
534
701
368
685
442
809
176
543
710
377
684
451
818
145
572
739
306
673
440
807
164
531
698
355
722
489
856
123
590
757
324
661
428
795
162
529
696
363
730
497
864
131
598
765
332
669
436
803
170
537
704
371
688
445
812
179
546
713
380
687
454
821
148
575
742
309
676
443
810
167
534
701
368
685
442
809
176
543
710
377
684
451
818
145
572
739
306
673
440
807
164
531
698
355
722
489
856
123
590
757
324
661
428
795
162
529
696
363
730
497
864
131
598
765
332
669
436
803
170
537
704
371
688
445
812
179
546
713
380
687
454
821
148
575
742
309
676
443
810
167
534
701
368
685
442
809
176
543
710
377
684
451
818
145
572
739
306
673
440
807
164
531
698
355
722
489
856
123
590
757
324
661
428
795
162
529
696
363
730
497
864
131
598
765
332
669
436
803
170
537
704
371
688
445
812
179
546
713
380
687
454
821
148
575
742
309
676
443
810
167
534
701
368
685
442
809
176
543
710
377
684
451
818
145
572
739
306
673
440
807
164
531
698
355
722
489
856
123
590
757
324
661
428
795
162
529
696